---

dg-publish: true
tags: Math,#Vercel_p
---

| Table | 9   | 8   | 7   | 19  | 18  | 17  |
| ----- | --- | --- | --- | --- | --- | --- |
| 11    | 99  | 88  | 77  | 209 | 198 | 187 |
| 12    | 108 | 96  | 84  | 228 | 216 | 204 |
| 13    | 117 | 104 | 91  | 247 | 234 | 221 |
| 14    | 126 | 112 | 98  | 266 | 252 | 238 |
| 15    | 135 | 120 | 105 | 285 | 270 | 255 |
| 16    | 144 | 128 | 112 | 304 | 288 | 272 |
| 17    | 153 | 136 | 119 | 323 | 306 | 289 |
| 18    | 162 | 144 | 126 | 342 | 324 | 306 |
| 19    | 171 | 152 | 133 | 361 | 342 | 323 |
| 20    | 180 | 160 | 140 | 380 | 360 | 340 |

---


| 1   | 9   | 19  | 29  | 39  | 49  | 59  | 69  | 79  | 89   | 99   | 109  |
| --- | --- | --- | --- | --- | --- | --- | --- | --- | ---- | ---- | ---- |
| 2   | 18  | 38  | 58  | 78  | 98  | 118 | 138 | 158 | 178  | 198  | 218  |
| 3   | 27  | 57  | 87  | 117 | 147 | 177 | 207 | 237 | 267  | 297  | 327  |
| 4   | 36  | 76  | 116 | 156 | 196 | 236 | 276 | 316 | 356  | 396  | 436  |
| 5   | 45  | 95  | 145 | 195 | 245 | 295 | 345 | 395 | 445  | 495  | 545  |
| 6   | 54  | 114 | 174 | 234 | 294 | 354 | 414 | 474 | 534  | 594  | 654  |
| 7   | 63  | 133 | 203 | 273 | 343 | 413 | 483 | 553 | 623  | 693  | 763  |
| 8   | 72  | 152 | 232 | 312 | 392 | 472 | 552 | 632 | 712  | 792  | 872  |
| 9   | 81  | 171 | 261 | 351 | 441 | 531 | 621 | 711 | 801  | 891  | 981  |
| 10  | 90  | 190 | 290 | 390 | 490 | 590 | 690 | 790 | 890  | 990  | 1090 |
| 11  | 99  | 209 | 319 | 429 | 539 | 649 | 759 | 869 | 979  | 1089 | 1199 |
| 12  | 108 | 228 | 348 | 468 | 588 | 708 | 828 | 948 | 1068 | 1188 | 1308 |


---


| 1   | 8   | 18  | 28  | 38  | 48  | 58  | 68  | 78  | 88   | 98   | 108  |
| --- | --- | --- | --- | --- | --- | --- | --- | --- | ---- | ---- | ---- |
| 2   | 16  | 36  | 56  | 76  | 96  | 116 | 136 | 156 | 176  | 196  | 216  |
| 3   | 24  | 54  | 84  | 114 | 144 | 174 | 204 | 234 | 264  | 294  | 324  |
| 4   | 32  | 72  | 112 | 152 | 192 | 232 | 272 | 312 | 352  | 392  | 432  |
| 5   | 40  | 90  | 140 | 190 | 240 | 290 | 340 | 390 | 440  | 490  | 540  |
| 6   | 48  | 108 | 168 | 228 | 288 | 348 | 408 | 468 | 528  | 588  | 648  |
| 7   | 56  | 126 | 196 | 266 | 336 | 406 | 476 | 546 | 616  | 686  | 756  |
| 8   | 64  | 144 | 224 | 304 | 384 | 464 | 544 | 624 | 704  | 784  | 864  |
| 9   | 72  | 162 | 252 | 342 | 432 | 522 | 612 | 702 | 792  | 882  | 972  |
| 10  | 80  | 180 | 280 | 380 | 480 | 580 | 680 | 780 | 880  | 980  | 1080 |
| 11  | 88  | 198 | 308 | 418 | 528 | 638 | 748 | 858 | 968  | 1078 | 1188 |
| 12  | 96  | 216 | 336 | 456 | 576 | 696 | 816 | 936 | 1056 | 1176 | 1296 |


---


| 1   | 7   | 17  | 27  | 37  | 47  | 57  | 67  | 77  | 87   | 97   | 107  |
| --- | --- | --- | --- | --- | --- | --- | --- | --- | ---- | ---- | ---- |
| 2   | 14  | 34  | 54  | 74  | 94  | 114 | 134 | 154 | 174  | 194  | 214  |
| 3   | 21  | 51  | 81  | 111 | 141 | 171 | 201 | 231 | 261  | 291  | 321  |
| 4   | 28  | 68  | 108 | 148 | 188 | 228 | 268 | 308 | 348  | 388  | 428  |
| 5   | 35  | 85  | 135 | 185 | 235 | 285 | 335 | 385 | 435  | 485  | 535  |
| 6   | 42  | 102 | 162 | 222 | 282 | 342 | 402 | 462 | 522  | 582  | 642  |
| 7   | 49  | 119 | 189 | 259 | 329 | 399 | 469 | 539 | 609  | 679  | 749  |
| 8   | 56  | 136 | 216 | 296 | 376 | 456 | 536 | 616 | 696  | 776  | 856  |
| 9   | 63  | 153 | 243 | 333 | 423 | 513 | 603 | 693 | 783  | 873  | 963  |
| 10  | 70  | 170 | 270 | 370 | 470 | 570 | 670 | 770 | 870  | 970  | 1070 |
| 11  | 77  | 187 | 297 | 407 | 517 | 627 | 737 | 847 | 957  | 1067 | 1177 |
| 12  | 84  | 204 | 324 | 444 | 564 | 684 | 804 | 924 | 1044 | 1164 | 1284 |
